0.000000  
0.000000  
0.000000  
0.000000  
0.000000  
0.000001  
0.000005  
0.000021  
0.000073  
0.000209  
0.000513  
0.001118  
0.002205  
0.003995  
0.006736  
0.010675  
0.016029  
0.022965  
0.031581  
0.041890  
0.053812  
0.067158  
0.081607  
0.096693  
0.111787  
0.126119  
0.138819  
0.149000  
0.155854  
0.158754  
0.157328  
0.151478  
0.141359  
0.127297  
0.109702  
0.088982  
0.065500  
0.039583  
0.011571  
-0.018111  
-0.048892  
-0.080031  
-0.110645  
-0.139776  
-0.166484  
-0.189939  
-0.209478  
-0.224632  
-0.235118  
-0.240804  
-0.241682  
-0.237847  
-0.229494  
-0.216927  
-0.200560  
-0.180915  
-0.158600  
-0.134281  
-0.108650  
-0.082397  
-0.056206  
-0.030747  
-0.006673  
0.015389  
0.034875  
0.051319  
0.064401  
0.073981  
0.080103  
0.082981  
0.082955  
0.080447  
0.075917  
0.069833  
0.062666  
0.054882  
0.046942  
0.039284  
0.032298  
0.026288  
0.021447  
0.017843  
0.015423  
0.014038  
0.013471  
0.013467  
0.013754  
0.014064  
0.014150  
0.013819  
0.012961  
0.011586  
0.009841  
0.007986  
0.006341  
0.005200  
0.004742  
0.004969  
0.005693  
0.006590  
0.007294  
0.007514  
0.007125  
0.006199  
0.004976  
0.003775  
0.002885  
0.002471  
0.002540  
0.002950  
0.003481  
0.003917  
0.004117  
0.004041  
0.003742  
0.003323  
0.002888  
0.002505  
0.002201  
0.001974  
0.001818  
0.001740  
0.001758  
0.001881  
0.002092  
0.002333  
0.002514  
0.002546  
0.002376  
0.002017  
0.001553  
0.001113  
0.000826  
0.000768  
0.000940  
0.001261  
0.001604  
0.001842  
0.001895  
0.001756  
0.001484  
0.001174  
0.000919  
0.000772  
0.000739  
0.000785  
0.000860  
0.000927  
0.000972  
0.001004  
0.001039  
0.001081  
0.001111  
0.001097  
0.001013  
0.000852  
0.000646  
0.000454  
0.000343  
0.000356  
0.000495  
0.000710  
0.000922  
0.001051  
0.001046  
0.000909  
0.000688  
0.000461  
0.000301  
0.000250  
0.000303  
0.000421  
0.000546  
0.000631  
0.000658  
0.000634  
0.000590  
0.000550  
0.000525  
0.000509  
0.000480  
0.000425  
0.000348  
0.000272  
0.000233  
0.000260  
0.000358  
0.000502  
0.000643  
0.000727  
0.000724  
0.000634  
0.000497  
0.000374  
0.000322  
0.000372  
0.000520  
0.000727  
0.000942  
0.001119  
0.001241  
0.001320  
0.001389  
0.001485  
0.001629  
0.001823  
0.002050  
0.002285  
0.002513  
0.002734  
0.002961  
0.003210  
0.003483  
0.003764  
0.004015  
0.004192  
0.004261  
0.004212  
0.004060  
0.003840  
0.003586  
0.003314  
0.003012  
0.002643  
0.002159  
0.001524  
0.000727  
-0.000211  
-0.001246  
-0.002322  
-0.003394  
-0.004436  
-0.005442  
-0.006411  
-0.007343  
-0.008220  
-0.009012  
-0.009677  
-0.010184  
-0.010513  
-0.010669  
-0.010665  
-0.010519  
-0.010239  
-0.009815  
-0.009228  
-0.008462  
-0.007514  
-0.006409  
-0.005193  
-0.003925  
-0.002661  
-0.001435  
-0.000256  
0.000887  
0.002014  
0.003135  
0.004241  
0.005304  
0.006281  
0.007137  
0.007846  
0.008405  
0.008823  
0.009115  
0.009289  
0.009339  
0.009253  
0.009015  
0.008622  
0.008087  
0.007441  
0.006718  
0.005950  
0.005155  
0.004330  
0.003467  
0.002559  
0.001613  
0.000658  
-0.000263  
-0.001101  
-0.001817  
-0.002396  
-0.002844  
-0.003183  
-0.003438  
-0.003626  
-0.003748  
-0.003791  
-0.003740  
-0.003588  
-0.003341  
-0.003021  
-0.002658  
-0.002279  
-0.001900  
-0.001523  
-0.001143  
-0.000755  
-0.000364  
0.000011  
0.000344  
0.000612  
0.000801  
0.000918  
0.000985  
0.001033  
0.001084  
0.001148  
0.001216  
0.001264  
0.001269  
0.001218  
0.001116  
0.000981  
0.000839  
0.000713  
0.000611  
0.000528  
0.000445  
0.000345  
0.000218  
0.000068  
-0.000094  
-0.000252  
-0.000398  
-0.000534  
-0.000670  
-0.000816  
-0.000978  
-0.001144  
-0.001290  
-0.001384  
-0.001401  
-0.001329  
-0.001175  
-0.000961  
-0.000714  
-0.000458  
-0.000202  
0.000056  
0.000324  
0.000608  
0.000903  
0.001189  
0.001438  
0.001622  
0.001724  
0.001740  
0.001682  
0.001568  
0.001415  
0.001231  
0.001014  
0.000756  
0.000455  
0.000118  
-0.000235  
-0.000577  
-0.000880  
-0.001123  
-0.001302  
-0.001422  
-0.001493  
-0.001524  
-0.001512  
-0.001447  
-0.001314  
-0.001106  
-0.000828  
-0.000503  
-0.000168  
0.000141  
0.000394  
0.000578  
0.000700  
0.000775  
0.000824  
0.000862  
0.000894  
0.000918  
0.000929  
0.000925  
0.000911  
0.000896  
0.000887  
0.000884  
0.000875  
0.000842  
0.000765  
0.000631  
0.000446  
0.000228  
0.000008  
-0.000184  
-0.000327  
-0.000418  
-0.000469  
-0.000501  
-0.000535  
-0.000584  
-0.000648  
-0.000719  
-0.000787  
-0.000844  
-0.000891  
-0.000931  
-0.000969  
-0.001002  
-0.001019  
-0.001002  
-0.000933  
-0.000803  
-0.000617  
-0.000395  
-0.000164  
0.000046  
0.000217  
0.000345  
0.000437  
0.000510  
0.000577  
0.000646  
0.000713  
0.000771  
0.000809  
0.000825  
0.000821  
0.000802  
0.000776  
0.000739  
0.000684  
0.000596  
0.000465  
0.000290  
0.000081  
-0.000137  
-0.000331  
-0.000476  
-0.000554  
-0.000564  
-0.000516  
-0.000430  
-0.000321  
-0.000204  
-0.000086  
0.000028  
0.000131  
0.000211  
0.000255  
0.000251  
0.000198  
0.000109  
0.000010  
-0.000069  
-0.000101  
-0.000075  
-0.000002  
0.000091  
0.000167  
0.000196  
0.000160  
0.000065  
-0.000067  
-0.000204  
-0.000315  
-0.000381  
-0.000396  
-0.000369  
-0.000314  
-0.000241  
-0.000161  
-0.000075  
0.000015  
0.000105  
0.000183  
0.000239  
0.000259  
0.000240  
0.000185  
0.000111  
0.000039  
-0.000011  
-0.000024  
-0.000000  
0.000052  
0.000116  
0.000173  
0.000205  
0.000202  
0.000160  
0.000080  
-0.000030  
-0.000157  
-0.000282  
-0.000384  
-0.000443  
-0.000445  
-0.000386  
-0.000278  
-0.000145  
-0.000021  
0.000066  
0.000099  
0.000078  
0.000023  
-0.000037  
-0.000074  
-0.000069  
-0.000022  
0.000050  
0.000127  
0.000187  
0.000224  
0.000245  
0.000266  
0.000305  
0.000367  
0.000444  
0.000515  
0.000552  
0.000539  
0.000476  
0.000382  
0.000293  
0.000245  
0.000261  
0.000340  
0.000461  
0.000582  
0.000663  
0.000674  
0.000606  
0.000474  
0.000305  
0.000134  
-0.000013  
-0.000126  
-0.000204  
-0.000261  
-0.000308  
-0.000353  
-0.000397  
-0.000437  
-0.000467  
-0.000487  
-0.000499  
-0.000513  
-0.000537  
-0.000577  
-0.000631  
-0.000692  
-0.000749  
-0.000788  
-0.000798  
-0.000771  
-0.000705  
-0.000602  
-0.000472  
-0.000327  
-0.000183  
-0.000058  
0.000032  
0.000078  
0.000083  
0.000059  
0.000030  
0.000018  
0.000043  
0.000109  
0.000205  
0.000307  
0.000387  
0.000421  
0.000401  
0.000334  
0.000244  
0.000156  
0.000094  
0.000068  
0.000074  
0.000096  
0.000117  
0.000125  
0.000118  
0.000107  
0.000106  
0.000130  
0.000184  
0.000262  
0.000348  
0.000425  
0.000478  
0.000501  
0.000497  
0.000478  
0.000454  
0.000437  
0.000431  
0.000433  
0.000441  
0.000447  
0.000448  
0.000440  
0.000421  
0.000387  
0.000334  
0.000260  
0.000164  
0.000054  
-0.000060  
-0.000163  
-0.000246  
-0.000300  
-0.000330  
-0.000342  
-0.000349  
-0.000362  
-0.000385  
-0.000416  
-0.000450  
-0.000479  
-0.000498  
-0.000506  
-0.000505  
-0.000498  
-0.000487  
-0.000470  
-0.000442  
-0.000399  
-0.000343  
-0.000281  
-0.000222  
-0.000178  
-0.000154  
-0.000147  
-0.000145  
-0.000132  
-0.000094  
-0.000025  
0.000068  
0.000169  
0.000257  
0.000317  
0.000341  
0.000335  
0.000315  
0.000297  
0.000294  
0.000306  
0.000325  
0.000338  
0.000331  
0.000300  
0.000246  
0.000182  
0.000118  
0.000063  
0.000020  
-0.000016  
-0.000050  
-0.000083  
-0.000113  
-0.000131  
-0.000129  
-0.000105  
-0.000065  
-0.000024  
-0.000000  
-0.000005  
-0.000040  
-0.000093  
-0.000140  
-0.000157  
-0.000132  
-0.000064  
0.000028  
0.000115  
0.000170  
0.000178  
0.000139  
0.000072  
0.000006  
-0.000036  
-0.000041  
-0.000011  
0.000035  
0.000076  
0.000092  
0.000076  
0.000035  
-0.000016  
-0.000062  
-0.000090  
-0.000100  
-0.000097  
-0.000091  
-0.000091  
-0.000097  
-0.000104  
-0.000106  
-0.000096  
-0.000076  
-0.000054  
-0.000042  
-0.000046  
-0.000068  
-0.000098  
-0.000123  
-0.000127  
-0.000104  
-0.000058  
-0.000002  
0.000044  
0.000063  
0.000049  
0.000008  
-0.000043  
-0.000084  
-0.000098  
-0.000078  
-0.000029  
0.000034  
0.000093  
0.000131  
0.000141  
0.000126  
0.000093  
0.000054  
0.000017  
-0.000012  
-0.000030  
-0.000038  
-0.000036  
-0.000025  
-0.000004  
0.000025  
0.000056  
0.000084  
0.000101  
0.000101  
0.000086  
0.000062  
0.000043  
0.000040  
0.000064  
0.000117  
0.000193  
0.000278  
0.000355  
0.000408  
0.000430  
0.000419  
0.000381  
0.000329  
0.000274  
0.000227  
0.000193  
0.000173  
0.000161  
0.000150  
0.000132  
0.000099  
0.000047  
-0.000025  
-0.000114  
-0.000213  
-0.000312  
-0.000400  
-0.000468  
-0.000511  
-0.000529  
-0.000525  
-0.000507  
-0.000481  
-0.000454  
-0.000430  
-0.000408  
-0.000387  
-0.000363  
-0.000329  
-0.000283  
-0.000221  
-0.000141  
-0.000045  
0.000062  
0.000175  
0.000282  
0.000375  
0.000445  
0.000490  
0.000512  
0.000517  
0.000515  
0.000516  
0.000523  
0.000534  
0.000541  
0.000535  
0.000505  
0.000448  
0.000366  
0.000269  
0.000165  
0.000064  
-0.000031  
-0.000122  
-0.000212  
-0.000305  
-0.000400  
-0.000494  
-0.000577  
-0.000643  
-0.000687  
-0.000712  
-0.000725  
-0.000733  
-0.000741  
-0.000748  
-0.000748  
-0.000730  
-0.000684  
-0.000609  
-0.000508  
-0.000393  
-0.000278  
-0.000172  
-0.000078  
0.000008  
0.000095  
0.000189  
0.000292  
0.000397  
0.000494  
0.000570  
0.000617  
0.000638  
0.000641  
0.000638  
0.000638  
0.000642  
0.000641  
0.000622  
0.000571  
0.000480  
0.000355  
0.000211  
0.000070  
-0.000050  
-0.000139  
-0.000196  
-0.000233  
-0.000262  
-0.000294  
-0.000330  
-0.000366  
-0.000390  
-0.000393  
-0.000371  
-0.000328  
-0.000270  
-0.000206  
-0.000141  
-0.000070  
0.000011  
0.000106  
0.000214  
0.000322  
0.000412  
0.000465  
0.000468  
0.000421  
0.000339  
0.000244  
0.000160  
0.000101  
0.000069  
0.000051  
0.000025  
-0.000026  
-0.000111  
-0.000225  
-0.000351  
-0.000467  
-0.000552  
-0.000596  
-0.000598  
-0.000568  
-0.000514  
-0.000445  
-0.000364  
-0.000270  
-0.000164  
-0.000051  
0.000059  
0.000151  
0.000216  
0.000252  
0.000266  
0.000274  
0.000293  
0.000333  
0.000391  
0.000452  
0.000491  
0.000485  
0.000422  
0.000306  
0.000158  
0.000007  
-0.000119  
-0.000203  
-0.000240  
-0.000243  
-0.000230  
-0.000219  
-0.000221  
-0.000234  
-0.000253  
-0.000267  
-0.000269  
-0.000257  
-0.000233  
-0.000200  
-0.000158  
-0.000103  
-0.000029  
0.000066  
0.000180  
0.000298  
0.000401  
0.000469  
0.000492  
0.000469  
0.000416  
0.000356  
0.000310  
0.000294  
0.000305  
0.000328  
0.000341  
0.000321  
0.000258  
0.000152  
0.000020  
-0.000117  
-0.000237  
-0.000329  
-0.000387  
-0.000416  
-0.000424  
-0.000416  
-0.000397  
-0.000365  
-0.000321  
-0.000266  
-0.000209  
-0.000155  
-0.000113  
-0.000084  
-0.000060  
-0.000030  
0.000016  
0.000085  
0.000172  
0.000262  
0.000336  
0.000374  
0.000368  
0.000321  
0.000247  
0.000168  
0.000102  
0.000062  
0.000047  
0.000047  
0.000048  
0.000037  
0.000009  
-0.000034  
-0.000083  
-0.000128  
-0.000162  
-0.000181  
-0.000187  
-0.000182  
-0.000168  
-0.000143  
-0.000106  
-0.000054  
0.000007  
0.000070  
0.000123  
0.000154  
0.000159  
0.000139  
0.000103  
0.000067  
0.000042  
